631024
1454
346576
2712
2115
1454
0
0
3
0
2712
1417
0
0
0
0
3
0
0

1584
111
649
3
0
23
88
0
0
5
3
12
0
0
0
88
0
0
0

1579
109
649
3
0
21
88
6
0
5
3
11
0
0
5
88
6
5
6

1588
109
649
4
0
21
88
6
0
5
4
10
0
0
9
88
6
9
6

1589
112
649
3
0
24
88
6
1
5
3
12
0
0
13
88
7
13
6

1596
111
649
3
0
22
89
6
0
5
3
11
0
0
17
89
6
17
6

1595
109
649
3
0
22
87
6
0
5
3
12
0
0
21
87
6
21
6

1583
107
649
5
0
21
86
6
0
4
5
11
0
0
25
87
6
25
6

1596
110
649
3
0
22
88
5
0
5
3
11
0
0
28
88
5
29
6

1593
110
649
4
0
23
87
6
1
5
4
11
0
0
33
87
7
33
6

1607
111
649
3
0
108
3
6
79
0
3
16
0
0
37
3
85
37
6

0
0
0
0
0
0
0
0
0
0
0
0
0
0
0
0
0
0
0

0
0
0
0
0
0
0
0
0
0
0
0
0
0
0
0
0
0
0

0
0
0
0
0
0
0
0
0
0
0
0
0
0
0
0
0
0
0

0
0
0
0
0
0
0
0
0
0
0
0
0
0
0
0
0
0
0

0
0
0
0
0
0
0
0
0
0
0
0
0
0
0
0
0
0
0

