631024
2011
346576
5433
3343
2011
0
0
2
0
5433
1962
0
0
0
0
2
0
0

1584
119
649
6
0
28
91
0
0
5
6
14
0
0
0
91
0
0
0

1579
120
649
5
0
29
91
6
0
5
5
15
0
0
5
91
6
5
6

1588
118
649
7
0
27
91
6
0
5
7
13
0
0
9
91
6
9
6

1589
120
649
6
0
29
91
6
1
5
6
14
0
0
13
91
7
13
6

1596
122
649
6
0
30
92
6
0
5
6
14
0
0
17
92
6
17
6

1595
117
649
6
0
27
90
6
0
5
6
14
0
0
21
90
6
21
6

1583
116
649
8
0
27
89
6
0
4
8
13
0
0
25
90
6
25
6

1596
119
649
6
0
28
91
5
0
5
6
14
0
0
28
91
5
29
6

1593
118
649
7
0
28
90
6
1
5
7
13
0
0
33
90
7
33
6

1607
122
649
6
0
120
2
6
83
0
6
19
0
0
37
2
89
37
6

0
0
0
0
0
0
0
0
0
0
0
0
0
0
0
0
0
0
0

0
0
0
0
0
0
0
0
0
0
0
0
0
0
0
0
0
0
0

0
0
0
0
0
0
0
0
0
0
0
0
0
0
0
0
0
0
0

0
0
0
0
0
0
0
0
0
0
0
0
0
0
0
0
0
0
0

0
0
0
0
0
0
0
0
0
0
0
0
0
0
0
0
0
0
0

