631024
2011
346576
5433
3343
2011
0
0
2
0
5433
1962
0
0
0
0
2
0
0

1584
119
649
6
0
28
91
0
0
5
6
14
0
0
0
38
0
0
0

1579
120
649
5
0
29
91
0
0
5
5
15
0
6
4
35
0
5
6

1588
118
649
7
0
27
91
0
0
5
7
13
0
6
8
30
0
9
10

1589
120
649
6
0
29
91
0
1
5
6
14
0
6
12
26
1
13
14

1596
122
649
6
0
30
92
0
0
5
6
14
0
6
16
23
0
17
18

1595
117
649
6
0
27
90
0
0
5
6
14
0
6
20
18
0
21
22

1583
116
649
8
0
27
89
0
0
4
8
13
0
6
24
14
0
25
26

1596
119
649
6
0
28
91
0
0
5
6
14
0
5
28
11
0
29
30

1593
118
649
7
0
28
90
0
1
5
7
13
0
6
32
88
1
33
34

1607
122
649
6
0
120
2
0
83
0
6
19
0
6
36
2
83
37
38

0
0
0
0
0
0
0
0
0
0
0
0
0
0
0
0
0
0
0

0
0
0
0
0
0
0
0
0
0
0
0
0
0
0
0
0
0
0

0
0
0
0
0
0
0
0
0
0
0
0
0
0
0
0
0
0
0

0
0
0
0
0
0
0
0
0
0
0
0
0
0
0
0
0
0
0

0
0
0
0
0
0
0
0
0
0
0
0
0
0
0
0
0
0
0

