631024
1454
346576
2712
2115
1454
0
0
3
0
2712
1417
0
0
0
0
3
0
0

1584
111
649
3
0
23
88
0
0
5
3
12
0
0
0
38
0
0
0

1579
109
649
3
0
21
88
0
0
5
3
11
0
6
4
35
0
5
6

1588
109
649
4
0
21
88
0
0
5
4
10
0
6
8
30
0
9
10

1589
112
649
3
0
24
88
0
1
5
3
12
0
6
12
26
1
13
14

1596
111
649
3
0
22
89
0
0
5
3
11
0
6
16
23
0
17
18

1595
109
649
3
0
22
87
0
0
5
3
12
0
6
20
18
0
21
22

1583
107
649
5
0
21
86
0
0
4
5
11
0
6
24
14
0
25
26

1596
110
649
3
0
22
88
0
0
5
3
11
0
5
28
11
0
29
30

1593
110
649
4
0
23
87
0
1
5
4
11
0
6
32
84
1
33
34

1607
111
649
3
0
108
3
0
79
0
3
16
0
6
36
3
79
37
38

0
0
0
0
0
0
0
0
0
0
0
0
0
0
0
0
0
0
0

0
0
0
0
0
0
0
0
0
0
0
0
0
0
0
0
0
0
0

0
0
0
0
0
0
0
0
0
0
0
0
0
0
0
0
0
0
0

0
0
0
0
0
0
0
0
0
0
0
0
0
0
0
0
0
0
0

0
0
0
0
0
0
0
0
0
0
0
0
0
0
0
0
0
0
0

