631024
1454
346576
2712
2115
0
1454
0
0
1417
2712
0
0
0
0
0
0
0
0

1584
111
649
3
0
0
111
0
0
17
3
0
0
0
0
6
0
0
0

1579
109
649
3
0
0
109
6
0
16
3
0
0
0
5
6
6
5
6

1588
109
649
4
0
0
109
6
0
15
4
0
0
0
9
6
6
9
6

1589
112
649
3
0
0
112
6
0
17
3
0
0
0
13
6
6
13
6

1596
111
649
3
0
0
111
6
0
16
3
0
0
0
17
6
6
17
6

1595
109
649
3
0
0
109
6
0
17
3
0
0
0
21
6
6
21
6

1583
107
649
5
0
0
107
6
0
15
5
0
0
0
25
6
6
25
6

1596
110
649
3
0
0
110
5
0
16
3
0
0
0
28
6
5
29
6

1593
110
649
4
0
0
110
6
0
16
4
0
0
0
33
6
6
33
6

1607
111
649
3
0
0
111
6
0
16
3
0
0
0
37
0
6
37
6

0
0
0
0
0
0
0
0
0
0
0
0
0
0
0
0
0
0
0

0
0
0
0
0
0
0
0
0
0
0
0
0
0
0
0
0
0
0

0
0
0
0
0
0
0
0
0
0
0
0
0
0
0
0
0
0
0

0
0
0
0
0
0
0
0
0
0
0
0
0
0
0
0
0
0
0

0
0
0
0
0
0
0
0
0
0
0
0
0
0
0
0
0
0
0

