631024
2011
346576
5433
3343
0
2011
0
0
1962
5433
0
0
0
0
0
0
0
0

1584
119
649
6
0
0
119
0
0
19
6
0
0
0
0
6
0
0
0

1579
120
649
5
0
0
120
6
0
20
5
0
0
0
5
6
6
5
6

1588
118
649
7
0
0
118
6
0
18
7
0
0
0
9
6
6
9
6

1589
120
649
6
0
0
120
6
0
19
6
0
0
0
13
6
6
13
6

1596
122
649
6
0
0
122
6
0
19
6
0
0
0
17
6
6
17
6

1595
117
649
6
0
0
117
6
0
19
6
0
0
0
21
6
6
21
6

1583
116
649
8
0
0
116
6
0
17
8
0
0
0
25
6
6
25
6

1596
119
649
6
0
0
119
5
0
19
6
0
0
0
28
6
5
29
6

1593
118
649
7
0
0
118
6
0
18
7
0
0
0
33
6
6
33
6

1607
122
649
6
0
0
122
6
0
19
6
0
0
0
37
0
6
37
6

0
0
0
0
0
0
0
0
0
0
0
0
0
0
0
0
0
0
0

0
0
0
0
0
0
0
0
0
0
0
0
0
0
0
0
0
0
0

0
0
0
0
0
0
0
0
0
0
0
0
0
0
0
0
0
0
0

0
0
0
0
0
0
0
0
0
0
0
0
0
0
0
0
0
0
0

0
0
0
0
0
0
0
0
0
0
0
0
0
0
0
0
0
0
0

