631024
2469
346576
10911
5187
2469
0
0
1
0
10911
2396
0
0
0
0
1
0
0

1584
144
649
13
0
34
110
0
0
6
13
15
0
0
0
110
0
0
0

1579
144
649
11
0
35
109
7
0
6
11
17
0
0
6
109
7
6
7

1588
143
649
13
0
34
109
7
0
6
13
16
0
0
11
109
7
11
7

1589
146
649
12
0
36
110
7
1
6
12
16
0
0
16
110
8
16
7

1596
148
649
12
0
37
111
7
0
6
12
16
0
0
21
111
7
21
7

1595
143
649
12
0
34
109
7
0
6
12
16
0
0
26
109
7
26
7

1583
140
649
14
0
32
108
7
0
5
14
15
0
0
31
109
7
31
7

1596
146
649
12
0
36
110
6
0
6
12
17
0
0
35
110
6
36
7

1593
143
649
14
0
34
109
7
1
6
14
14
0
0
41
109
8
41
7

1607
146
649
13
0
145
1
7
102
0
13
21
0
0
46
1
109
46
7

0
0
0
0
0
0
0
0
0
0
0
0
0
0
0
0
0
0
0

0
0
0
0
0
0
0
0
0
0
0
0
0
0
0
0
0
0
0

0
0
0
0
0
0
0
0
0
0
0
0
0
0
0
0
0
0
0

0
0
0
0
0
0
0
0
0
0
0
0
0
0
0
0
0
0
0

0
0
0
0
0
0
0
0
0
0
0
0
0
0
0
0
0
0
0

