631024
2504
346576
10913
5220
0
2504
0
0
2431
10913
0
0
0
0
0
0
0
0

1584
144
649
13
0
0
144
0
0
21
13
0
0
0
0
7
0
0
0

1579
144
649
11
0
0
144
7
0
23
11
0
0
0
6
7
7
6
7

1588
143
649
13
0
0
143
7
0
22
13
0
0
0
11
7
7
11
7

1589
146
649
12
0
0
146
7
0
22
12
0
0
0
16
7
7
16
7

1596
148
649
12
0
0
148
7
0
22
12
0
0
0
21
7
7
21
7

1595
143
649
12
0
0
143
7
0
22
12
0
0
0
26
7
7
26
7

1583
140
649
14
0
0
140
7
0
20
14
0
0
0
31
7
7
31
7

1596
146
649
12
0
0
146
6
0
23
12
0
0
0
35
7
6
36
7

1593
143
649
14
0
0
143
7
0
20
14
0
0
0
41
7
7
41
7

1607
146
649
13
0
0
146
7
0
21
13
0
0
0
46
0
7
46
7

0
0
0
0
0
0
0
0
0
0
0
0
0
0
0
0
0
0
0

0
0
0
0
0
0
0
0
0
0
0
0
0
0
0
0
0
0
0

0
0
0
0
0
0
0
0
0
0
0
0
0
0
0
0
0
0
0

0
0
0
0
0
0
0
0
0
0
0
0
0
0
0
0
0
0
0

0
0
0
0
0
0
0
0
0
0
0
0
0
0
0
0
0
0
0

