631024
3152
346576
10936
11844
3152
0
0
1
0
10936
2892
0
0
0
0
1
0
0

1584
144
649
13
0
34
110
0
0
6
13
15
0
0
0
47
0
0
0

1579
144
649
11
0
35
109
0
0
6
11
17
0
7
5
43
0
6
7

1588
143
649
13
0
34
109
0
0
6
13
16
0
7
10
37
0
11
12

1589
146
649
12
0
36
110
0
1
6
12
16
0
7
15
32
1
16
17

1596
148
649
12
0
37
111
0
0
6
12
16
0
7
20
28
0
21
22

1595
143
649
12
0
34
109
0
0
6
12
16
0
7
25
22
0
26
27

1583
140
649
14
0
32
108
0
0
5
14
15
0
7
30
17
0
31
32

1596
146
649
12
0
36
110
0
0
6
12
17
0
6
35
13
0
36
37

1593
143
649
14
0
34
109
0
1
6
14
14
0
7
40
108
1
41
42

1607
146
649
13
0
145
1
0
102
0
13
21
0
7
45
1
102
46
47

0
0
0
0
0
0
0
0
0
0
0
0
0
0
0
0
0
0
0

0
0
0
0
0
0
0
0
0
0
0
0
0
0
0
0
0
0
0

0
0
0
0
0
0
0
0
0
0
0
0
0
0
0
0
0
0
0

0
0
0
0
0
0
0
0
0
0
0
0
0
0
0
0
0
0
0

0
0
0
0
0
0
0
0
0
0
0
0
0
0
0
0
0
0
0

