634644
4706
348381
15735
19199
4692
14
0
1
0
15735
3694
0
0
0
14
1
0
0

1469
142
650
14
7
70
72
0
0
6
14
14
0
0
0
72
0
0
0

1468
141
650
14
8
72
69
4
5
6
14
14
0
0
6
69
9
6
4

1475
143
650
14
7
73
70
4
4
6
14
15
0
0
11
70
8
11
4

1466
143
650
14
7
76
67
4
4
6
14
14
0
0
16
67
8
16
4

1470
143
650
14
7
78
65
4
5
6
14
14
0
0
21
65
9
21
4

1469
145
650
14
8
81
64
4
4
5
14
16
0
0
26
64
8
26
4

1482
143
650
14
8
81
62
3
5
5
14
15
0
0
28
62
8
28
3

1476
142
650
14
8
141
1
3
57
0
14
21
0
0
29
1
60
29
3

0
0
0
0
0
0
0
0
0
0
0
0
0
0
0
0
0
0
0

0
0
0
0
0
0
0
0
0
0
0
0
0
0
0
0
0
0
0

0
0
0
0
0
0
0
0
0
0
0
0
0
0
0
0
0
0
0

0
0
0
0
0
0
0
0
0
0
0
0
0
0
0
0
0
0
0

0
0
0
0
0
0
0
0
0
0
0
0
0
0
0
0
0
0
0

0
0
0
0
0
0
0
0
0
0
0
0
0
0
0
0
0
0
0

0
0
0
0
0
0
0
0
0
0
0
0
0
0
0
0
0
0
0

634644
4706
348381
15735
19199
4692
14
0
1
0
15735
3694
0
0
0
0
1
0
0

1469
142
650
14
7
70
72
0
0
6
14
14
0
0
0
9
0
0
0

1468
141
650
14
8
72
69
0
5
6
14
14
0
4
5
8
9
5
4

1475
143
650
14
7
73
70
0
4
6
14
15
0
4
10
8
8
10
4

1466
143
650
14
7
76
67
0
4
6
14
14
0
4
15
9
8
15
4

1470
143
650
14
7
78
65
0
5
6
14
14
0
4
20
8
9
20
4

1469
145
650
14
8
81
64
0
4
5
14
16
0
4
25
8
8
25
4

1482
143
650
14
8
81
62
0
5
5
14
15
0
3
28
60
8
28
3

1476
142
650
14
8
141
1
0
57
0
14
21
0
3
29
1
60
29
3

0
0
0
0
0
0
0
0
0
0
0
0
0
0
0
0
0
0
0

0
0
0
0
0
0
0
0
0
0
0
0
0
0
0
0
0
0
0

0
0
0
0
0
0
0
0
0
0
0
0
0
0
0
0
0
0
0

0
0
0
0
0
0
0
0
0
0
0
0
0
0
0
0
0
0
0

0
0
0
0
0
0
0
0
0
0
0
0
0
0
0
0
0
0
0

0
0
0
0
0
0
0
0
0
0
0
0
0
0
0
0
0
0
0

0
0
0
0
0
0
0
0
0
0
0
0
0
0
0
0
0
0
0

634644
4706
348381
15735
19199
4692
14
0
1
0
15735
3694
0
0
0
0
1
0
0

1469
142
650
14
7
70
72
0
0
6
14
14
0
0
0
9
0
0
0

1468
141
650
14
8
72
69
0
5
6
14
14
0
4
5
8
9
5
4

1475
143
650
14
7
73
70
0
4
6
14
15
0
4
10
8
8
10
4

1466
143
650
14
7
76
67
0
4
6
14
14
0
4
15
9
8
15
4

1470
143
650
14
7
78
65
0
5
6
14
14
0
4
20
8
9
20
4

1469
145
650
14
8
81
64
0
4
5
14
16
0
4
25
8
8
25
4

1482
143
650
14
8
81
62
0
5
5
14
15
0
3
28
60
8
28
3

1476
142
650
14
8
141
1
0
57
0
14
21
0
3
29
1
60
29
3

0
0
0
0
0
0
0
0
0
0
0
0
0
0
0
0
0
0
0

0
0
0
0
0
0
0
0
0
0
0
0
0
0
0
0
0
0
0

0
0
0
0
0
0
0
0
0
0
0
0
0
0
0
0
0
0
0

0
0
0
0
0
0
0
0
0
0
0
0
0
0
0
0
0
0
0

0
0
0
0
0
0
0
0
0
0
0
0
0
0
0
0
0
0
0

0
0
0
0
0
0
0
0
0
0
0
0
0
0
0
0
0
0
0

0
0
0
0
0
0
0
0
0
0
0
0
0
0
0
0
0
0
0

634644
4706
348381
15735
19199
4692
14
0
1
0
15735
3694
0
0
0
0
1
0
0

1469
142
650
14
7
70
72
0
0
6
14
14
0
0
0
9
0
0
0

1468
141
650
14
8
72
69
0
5
6
14
14
0
4
5
8
9
5
4

1475
143
650
14
7
73
70
0
4
6
14
15
0
4
10
8
8
10
4

1466
143
650
14
7
76
67
0
4
6
14
14
0
4
15
9
8
15
4

1470
143
650
14
7
78
65
0
5
6
14
14
0
4
20
8
9
20
4

1469
145
650
14
8
81
64
0
4
5
14
16
0
4
25
8
8
25
4

1482
143
650
14
8
81
62
0
5
5
14
15
0
3
28
60
8
28
3

1476
142
650
14
8
141
1
0
57
0
14
21
0
3
29
1
60
29
3

0
0
0
0
0
0
0
0
0
0
0
0
0
0
0
0
0
0
0

0
0
0
0
0
0
0
0
0
0
0
0
0
0
0
0
0
0
0

0
0
0
0
0
0
0
0
0
0
0
0
0
0
0
0
0
0
0

0
0
0
0
0
0
0
0
0
0
0
0
0
0
0
0
0
0
0

0
0
0
0
0
0
0
0
0
0
0
0
0
0
0
0
0
0
0

0
0
0
0
0
0
0
0
0
0
0
0
0
0
0
0
0
0
0

0
0
0
0
0
0
0
0
0
0
0
0
0
0
0
0
0
0
0

634644
4706
348381
15735
19199
4692
14
0
1
0
15735
3694
0
0
0
0
1
0
0

1469
142
650
14
7
70
72
0
0
6
14
14
0
0
0
9
0
0
0

1468
141
650
14
8
72
69
0
5
6
14
14
0
4
5
8
9
5
4

1475
143
650
14
7
73
70
0
4
6
14
15
0
4
10
8
8
10
4

1466
143
650
14
7
76
67
0
4
6
14
14
0
4
15
9
8
15
4

1470
143
650
14
7
78
65
0
5
6
14
14
0
4
20
8
9
20
4

1469
145
650
14
8
81
64
0
4
5
14
16
0
4
25
8
8
25
4

1482
143
650
14
8
81
62
0
5
5
14
15
0
3
28
60
8
28
3

1476
142
650
14
8
141
1
0
57
0
14
21
0
3
29
1
60
29
3

0
0
0
0
0
0
0
0
0
0
0
0
0
0
0
0
0
0
0

0
0
0
0
0
0
0
0
0
0
0
0
0
0
0
0
0
0
0

0
0
0
0
0
0
0
0
0
0
0
0
0
0
0
0
0
0
0

0
0
0
0
0
0
0
0
0
0
0
0
0
0
0
0
0
0
0

0
0
0
0
0
0
0
0
0
0
0
0
0
0
0
0
0
0
0

0
0
0
0
0
0
0
0
0
0
0
0
0
0
0
0
0
0
0

0
0
0
0
0
0
0
0
0
0
0
0
0
0
0
0
0
0
0

634644
4706
348381
15735
19199
4692
14
0
1
0
15735
3694
0
0
0
0
1
0
0

1469
142
650
14
7
70
72
0
0
6
14
14
0
0
0
9
0
0
0

1468
141
650
14
8
72
69
0
5
6
14
14
0
4
5
8
9
5
4

1475
143
650
14
7
73
70
0
4
6
14
15
0
4
10
8
8
10
4

1466
143
650
14
7
76
67
0
4
6
14
14
0
4
15
9
8
15
4

1470
143
650
14
7
78
65
0
5
6
14
14
0
4
20
8
9
20
4

1469
145
650
14
8
81
64
0
4
5
14
16
0
4
25
8
8
25
4

1482
143
650
14
8
81
62
0
5
5
14
15
0
3
28
60
8
28
3

1476
142
650
14
8
141
1
0
57
0
14
21
0
3
29
1
60
29
3

0
0
0
0
0
0
0
0
0
0
0
0
0
0
0
0
0
0
0

0
0
0
0
0
0
0
0
0
0
0
0
0
0
0
0
0
0
0

0
0
0
0
0
0
0
0
0
0
0
0
0
0
0
0
0
0
0

0
0
0
0
0
0
0
0
0
0
0
0
0
0
0
0
0
0
0

0
0
0
0
0
0
0
0
0
0
0
0
0
0
0
0
0
0
0

0
0
0
0
0
0
0
0
0
0
0
0
0
0
0
0
0
0
0

0
0
0
0
0
0
0
0
0
0
0
0
0
0
0
0
0
0
0

634644
4706
348381
15735
19199
4692
14
0
1
0
15735
3694
0
0
0
0
1
0
0

1469
142
650
14
7
70
72
0
0
6
14
14
0
0
0
9
0
0
0

1468
141
650
14
8
72
69
0
5
6
14
14
0
4
5
8
9
5
4

1475
143
650
14
7
73
70
0
4
6
14
15
0
4
10
8
8
10
4

1466
143
650
14
7
76
67
0
4
6
14
14
0
4
15
9
8
15
4

1470
143
650
14
7
78
65
0
5
6
14
14
0
4
20
8
9
20
4

1469
145
650
14
8
81
64
0
4
5
14
16
0
4
25
8
8
25
4

1482
143
650
14
8
81
62
0
5
5
14
15
0
3
28
60
8
28
3

1476
142
650
14
8
141
1
0
57
0
14
21
0
3
29
1
60
29
3

0
0
0
0
0
0
0
0
0
0
0
0
0
0
0
0
0
0
0

0
0
0
0
0
0
0
0
0
0
0
0
0
0
0
0
0
0
0

0
0
0
0
0
0
0
0
0
0
0
0
0
0
0
0
0
0
0

0
0
0
0
0
0
0
0
0
0
0
0
0
0
0
0
0
0
0

0
0
0
0
0
0
0
0
0
0
0
0
0
0
0
0
0
0
0

0
0
0
0
0
0
0
0
0
0
0
0
0
0
0
0
0
0
0

0
0
0
0
0
0
0
0
0
0
0
0
0
0
0
0
0
0
0

634644
4706
348381
15735
19199
4692
14
0
1
0
15735
3694
0
0
0
0
1
0
0

1469
142
650
14
7
70
72
0
0
6
14
14
0
0
0
9
0
0
0

1468
141
650
14
8
72
69
0
5
6
14
14
0
4
5
8
9
5
4

1475
143
650
14
7
73
70
0
4
6
14
15
0
4
10
8
8
10
4

1466
143
650
14
7
76
67
0
4
6
14
14
0
4
15
9
8
15
4

1470
143
650
14
7
78
65
0
5
6
14
14
0
4
20
8
9
20
4

1469
145
650
14
8
81
64
0
4
5
14
16
0
4
25
8
8
25
4

1482
143
650
14
8
81
62
0
5
5
14
15
0
3
28
60
8
28
3

1476
142
650
14
8
141
1
0
57
0
14
21
0
3
29
1
60
29
3

0
0
0
0
0
0
0
0
0
0
0
0
0
0
0
0
0
0
0

0
0
0
0
0
0
0
0
0
0
0
0
0
0
0
0
0
0
0

0
0
0
0
0
0
0
0
0
0
0
0
0
0
0
0
0
0
0

0
0
0
0
0
0
0
0
0
0
0
0
0
0
0
0
0
0
0

0
0
0
0
0
0
0
0
0
0
0
0
0
0
0
0
0
0
0

0
0
0
0
0
0
0
0
0
0
0
0
0
0
0
0
0
0
0

0
0
0
0
0
0
0
0
0
0
0
0
0
0
0
0
0
0
0

634644
4706
348381
15735
19199
4692
14
0
1
0
15735
3694
0
0
0
0
1
0
0

1469
142
650
14
7
70
72
0
0
6
14
14
0
0
0
21
0
0
0

1468
141
650
14
8
72
69
0
5
6
14
14
0
4
5
18
5
5
4

1475
143
650
14
7
73
70
0
4
6
14
15
0
4
10
16
4
10
7

1466
143
650
14
7
76
67
0
4
6
14
14
0
4
15
15
4
15
10

1470
143
650
14
7
78
65
0
5
6
14
14
0
4
20
12
5
20
13

1469
145
650
14
8
81
64
0
4
5
14
16
0
4
25
10
4
25
16

1482
143
650
14
8
81
62
0
5
5
14
15
0
3
28
60
5
28
13

1476
142
650
14
8
141
1
0
57
0
14
21
0
3
29
1
57
29
15

0
0
0
0
0
0
0
0
0
0
0
0
0
0
0
0
0
0
0

0
0
0
0
0
0
0
0
0
0
0
0
0
0
0
0
0
0
0

0
0
0
0
0
0
0
0
0
0
0
0
0
0
0
0
0
0
0

0
0
0
0
0
0
0
0
0
0
0
0
0
0
0
0
0
0
0

0
0
0
0
0
0
0
0
0
0
0
0
0
0
0
0
0
0
0

0
0
0
0
0
0
0
0
0
0
0
0
0
0
0
0
0
0
0

0
0
0
0
0
0
0
0
0
0
0
0
0
0
0
0
0
0
0

634644
4706
348381
15735
19199
4692
14
0
1
0
15735
3694
0
0
0
0
1
0
0

1469
142
650
14
7
52
90
0
0
6
14
14
0
0
0
21
0
0
0

1468
141
650
14
8
57
84
0
5
6
14
14
0
4
0
18
5
1
5

1475
143
650
14
7
61
82
0
4
6
14
15
0
4
0
16
4
1
7

1466
143
650
14
7
67
76
0
4
6
14
14
0
4
0
15
4
1
9

1470
143
650
14
7
72
71
0
5
6
14
14
0
4
0
12
5
1
11

1469
145
650
14
8
77
68
0
4
6
14
15
0
4
0
10
4
1
13

1482
143
650
14
8
81
62
0
5
5
14
15
0
3
0
60
5
0
13

1476
142
650
14
8
141
1
0
57
0
14
21
0
3
0
1
57
0
15

0
0
0
0
0
0
0
0
0
0
0
0
0
0
0
0
0
0
0

0
0
0
0
0
0
0
0
0
0
0
0
0
0
0
0
0
0
0

0
0
0
0
0
0
0
0
0
0
0
0
0
0
0
0
0
0
0

0
0
0
0
0
0
0
0
0
0
0
0
0
0
0
0
0
0
0

0
0
0
0
0
0
0
0
0
0
0
0
0
0
0
0
0
0
0

0
0
0
0
0
0
0
0
0
0
0
0
0
0
0
0
0
0
0

0
0
0
0
0
0
0
0
0
0
0
0
0
0
0
0
0
0
0

634644
4706
348381
15735
19199
4692
14
0
1
0
15735
3694
0
0
0
0
1
0
0

1469
142
650
14
7
70
72
0
0
6
14
14
0
0
0
21
0
0
0

1468
141
650
14
8
72
69
0
5
6
14
14
0
4
5
18
5
6
4

1475
143
650
14
7
73
70
0
4
6
14
15
0
4
10
16
4
11
6

1466
143
650
14
7
76
67
0
4
6
14
14
0
4
15
15
4
16
8

1470
143
650
14
7
78
65
0
5
6
14
14
0
4
20
12
5
21
10

1469
145
650
14
8
81
64
0
4
5
14
16
0
4
25
10
4
26
12

1482
143
650
14
8
81
62
0
5
5
14
15
0
3
28
60
5
28
13

1476
142
650
14
8
141
1
0
57
0
14
21
0
3
29
1
57
29
15

0
0
0
0
0
0
0
0
0
0
0
0
0
0
0
0
0
0
0

0
0
0
0
0
0
0
0
0
0
0
0
0
0
0
0
0
0
0

0
0
0
0
0
0
0
0
0
0
0
0
0
0
0
0
0
0
0

0
0
0
0
0
0
0
0
0
0
0
0
0
0
0
0
0
0
0

0
0
0
0
0
0
0
0
0
0
0
0
0
0
0
0
0
0
0

0
0
0
0
0
0
0
0
0
0
0
0
0
0
0
0
0
0
0

0
0
0
0
0
0
0
0
0
0
0
0
0
0
0
0
0
0
0

634644
4706
348381
15735
19199
4692
14
0
1
0
15735
3694
0
0
0
0
1
0
0

1469
142
650
14
7
70
72
0
0
6
14
14
0
0
0
21
0
0
0

1468
141
650
14
8
72
69
0
5
6
14
14
0
4
5
18
5
6
4

1475
143
650
14
7
73
70
0
4
6
14
15
0
4
10
16
4
11
6

1466
143
650
14
7
76
67
0
4
6
14
14
0
4
15
15
4
16
8

1470
143
650
14
7
78
65
0
5
6
14
14
0
4
20
12
5
21
10

1469
145
650
14
8
81
64
0
4
5
14
16
0
4
25
10
4
26
12

1482
143
650
14
8
81
62
0
5
5
14
15
0
3
28
60
5
28
13

1476
142
650
14
8
141
1
0
57
0
14
21
0
3
29
1
57
29
15

0
0
0
0
0
0
0
0
0
0
0
0
0
0
0
0
0
0
0

0
0
0
0
0
0
0
0
0
0
0
0
0
0
0
0
0
0
0

0
0
0
0
0
0
0
0
0
0
0
0
0
0
0
0
0
0
0

0
0
0
0
0
0
0
0
0
0
0
0
0
0
0
0
0
0
0

0
0
0
0
0
0
0
0
0
0
0
0
0
0
0
0
0
0
0

0
0
0
0
0
0
0
0
0
0
0
0
0
0
0
0
0
0
0

0
0
0
0
0
0
0
0
0
0
0
0
0
0
0
0
0
0
0

631024
4839
346576
15651
19186
4825
14
0
1
0
15651
3763
0
0
0
0
1
0
0

1584
149
649
13
7
69
80
0
0
6
13
15
0
0
0
24
0
0
0

1579
148
649
11
8
71
77
0
4
6
11
17
0
4
5
24
4
6
4

1588
147
649
13
7
72
75
0
5
6
13
16
0
4
10
21
5
11
6

1589
151
649
12
7
76
75
0
6
6
12
16
0
4
15
17
6
16
8

1596
154
649
12
7
77
77
0
3
6
12
16
0
4
20
17
3
21
10

1595
148
649
12
8
77
71
0
4
5
12
18
0
4
25
14
4
26
12

1583
145
649
14
8
75
70
0
5
5
14
15
0
3
28
11
5
28
13

1596
152
649
12
8
83
69
0
4
5
12
18
0
3
28
11
4
28
15

1593
147
649
14
8
81
66
0
6
5
14
15
0
3
31
63
6
31
17

1607
151
649
13
8
150
1
0
61
0
13
21
0
3
31
1
61
31
19

0
0
0
0
0
0
0
0
0
0
0
0
0
0
0
0
0
0
0

0
0
0
0
0
0
0
0
0
0
0
0
0
0
0
0
0
0
0

0
0
0
0
0
0
0
0
0
0
0
0
0
0
0
0
0
0
0

0
0
0
0
0
0
0
0
0
0
0
0
0
0
0
0
0
0
0

0
0
0
0
0
0
0
0
0
0
0
0
0
0
0
0
0
0
0

